drill_0_289.png 0.7064 -0.0308 0.0308 0.7064
drill_0_290.png 0.7044 -0.0616 -0.0616 -0.7044
drill_0_291.png 0.7011 -0.0923 0.0923 0.7011
drill_0_292.png 0.6964 -0.1228 -0.1228 -0.6964
drill_0_293.png 0.6904 -0.153 0.153 0.6904
drill_0_294.png 0.683 -0.183 -0.183 -0.683
drill_0_295.png 0.6744 -0.2126 0.2126 0.6744
drill_0_296.png 0.6645 -0.2418 -0.2418 -0.6645
drill_0_297.png 0.6533 -0.2706 0.2706 0.6533
drill_0_298.png 0.6409 -0.2988 -0.2988 -0.6409
drill_0_299.png 0.6272 -0.3265 0.3265 0.6272
drill_0_300.png 0.6124 -0.3536 -0.3536 -0.6124
drill_0_301.png 0.5792 -0.4056 0.4056 0.5792
drill_0_302.png 0.5417 -0.4545 -0.4545 -0.5417
drill_0_303.png 0.5 -0.5 0.5 0.5
drill_0_304.png 0.4545 -0.5417 -0.5417 -0.4545
drill_0_305.png 0.4305 -0.561 0.561 0.4305
drill_0_306.png 0.4056 -0.5792 -0.5792 -0.4056
drill_0_307.png 0.3799 -0.5964 0.5964 0.3799
drill_0_308.png 0.3536 -0.6124 -0.6124 -0.3536
drill_0_309.png 0.3265 -0.6272 0.6272 0.3265
drill_0_310.png 0.3536 -0.6124 -0.6124 -0.3536
drill_0_311.png 0.3265 -0.6272 0.6272 0.3265
drill_0_312.png 0.2706 -0.6533 -0.6533 -0.2706
drill_0_313.png 0.2126 -0.6744 0.6744 0.2126
drill_0_314.png 0.153 -0.6904 -0.6904 -0.153
drill_0_315.png 0.0923 -0.7011 0.7011 0.0923
drill_0_316.png 0.0308 -0.7064 -0.7064 -0.0308
drill_0_317.png 0.0308 0.7064 -0.7064 0.0308
drill_0_318.png 0.0616 0.7044 0.7044 -0.0616
drill_0_319.png 0.0923 0.7011 -0.7011 0.0923
drill_0_320.png 0.1228 0.6964 0.6964 -0.1228
drill_0_321.png 0.153 0.6904 -0.6904 0.153
drill_0_322.png 0.183 0.683 0.683 -0.183
drill_0_323.png 0.2126 0.6744 -0.6744 0.2126
drill_0_324.png 0.2418 0.6645 0.6645 -0.2418
drill_0_325.png 0.2706 0.6533 -0.6533 0.2706
drill_0_326.png 0.2988 0.6409 0.6409 -0.2988
drill_0_327.png 0.3265 0.6272 -0.6272 0.3265
drill_0_328.png 0.3536 0.6124 0.6124 -0.3536
drill_0_329.png 0.3799 0.5964 -0.5964 0.3799
drill_0_330.png 0.4056 0.5792 0.5792 -0.4056
drill_0_331.png 0.4545 0.5417 -0.5417 0.4545
drill_0_332.png 0.5 0.5 0.5 -0.5
drill_0_333.png 0.5213 0.4777 -0.4777 0.5213
drill_0_334.png 0.5417 0.4545 0.4545 -0.5417
drill_0_335.png 0.561 0.4305 -0.4305 0.561
drill_0_336.png 0.5792 0.4056 0.4056 -0.5792
drill_0_337.png 0.5964 0.3799 -0.3799 0.5964
drill_0_338.png 0.6124 0.3536 0.3536 -0.6124
drill_0_339.png 0.6272 0.3265 -0.3265 0.6272
drill_0_340.png 0.6409 0.2988 0.2988 -0.6409
drill_0_341.png 0.6533 0.2706 -0.2706 0.6533
drill_0_342.png 0.6645 0.2418 0.2418 -0.6645
drill_0_343.png 0.6744 0.2126 -0.2126 0.6744
drill_0_344.png 0.683 0.183 0.183 -0.683
drill_0_345.png 0.6904 0.153 -0.153 0.6904
drill_0_346.png 0.7011 0.0923 0.0923 -0.7011
drill_0_347.png 0.7064 0.0308 -0.0308 0.7064
drill_30_043.png 0.8627 0.0755 -0.0436 0.4981
drill_30_044.png 0.8652 0.0378 0.0218 -0.4995
drill_30_045.png 0.8192 0. 0. 0.5736
drill_30_046.png 0.8184 -0.0357 -0.025 -0.573
drill_30_047.png 0.816 -0.0714 0.05 0.5714
drill_30_048.png 0.8121 -0.1069 -0.0749 -0.5687
drill_30_049.png 0.8067 -0.1422 0.0996 0.5649
drill_30_050.png 0.7997 -0.1773 -0.1241 -0.56
drill_30_051.png 0.7912 -0.212 0.1485 0.554
drill_30_052.png 0.7812 -0.2463 -0.1725 -0.547
drill_30_053.png 0.7698 -0.2802 0.1962 0.539
drill_30_054.png 0.7568 -0.3135 -0.2195 -0.5299
drill_30_055.png 0.7424 -0.3462 0.2424 0.5198
drill_30_056.png 0.7266 -0.3782 -0.2648 -0.5088
drill_30_057.png 0.6909 -0.4401 0.3082 0.4837
drill_30_058.png 0.6499 -0.4987 -0.3492 -0.455
drill_30_059.png 0.6039 -0.5534 0.3875 0.4229
drill_30_060.png 0.5534 -0.6039 -0.4229 -0.3875
drill_30_061.png 0.5265 -0.6275 0.4394 0.3687
drill_30_062.png 0.4987 -0.6499 -0.455 -0.3492
drill_30_063.png 0.4698 -0.671 0.4698 0.329
drill_30_064.png 0.4401 -0.6909 -0.4837 -0.3082
drill_30_065.png 0.4096 -0.7094 0.4967 0.2868
drill_30_066.png 0.3782 -0.7266 -0.5088 -0.2648
drill_30_067.png 0.3462 -0.7424 0.5198 0.2424
drill_30_068.png 0.3135 -0.7568 -0.5299 -0.2195
drill_30_069.png 0.2802 -0.7698 0.539 0.1962
drill_30_070.png 0.212 -0.7912 -0.554 -0.1485
drill_30_071.png 0.1422 -0.8067 0.5649 0.0996
drill_30_072.png 0.0714 -0.816 -0.5714 -0.05
drill_30_073.png 0. -0.8192 0.5736 0.
drill_30_074.png 0.0357 0.8184 0.573 -0.025
drill_30_075.png 0.0714 0.816 -0.5714 0.05
drill_30_076.png 0.1069 0.8121 0.5687 -0.0749
drill_30_077.png 0.1422 0.8067 -0.5649 0.0996
drill_30_078.png 0.1773 0.7997 0.56 -0.1241
drill_30_079.png 0.212 0.7912 -0.554 0.1485
drill_30_080.png 0.2463 0.7812 0.547 -0.1725
drill_30_081.png 0.2802 0.7698 -0.539 0.1962
drill_30_082.png 0.3135 0.7568 0.5299 -0.2195
drill_30_083.png 0.3462 0.7424 -0.5198 0.2424
drill_30_084.png 0.3782 0.7266 0.5088 -0.2648
drill_30_085.png 0.4401 0.6909 -0.4837 0.3082
drill_30_086.png 0.4987 0.6499 0.455 -0.3492
drill_30_087.png 0.5534 0.6039 -0.4229 0.3875
drill_30_088.png 0.5792 0.5792 0.4056 -0.4056
drill_30_089.png 0.6039 0.5534 -0.3875 0.4229
drill_30_090.png 0.6275 0.5265 0.3687 -0.4394
drill_30_091.png 0.6499 0.4987 -0.3492 0.455
drill_30_092.png 0.671 0.4698 0.329 -0.4698
drill_30_093.png 0.6909 0.4401 -0.3082 0.4837
drill_30_094.png 0.7094 0.4096 0.2868 -0.4967
drill_30_095.png 0.7266 0.3782 -0.2648 0.5088
drill_30_096.png 0.7568 0.3135 0.2195 -0.5299
drill_30_097.png 0.7812 0.2463 -0.1725 0.547
drill_30_098.png 0.7997 0.1773 0.1241 -0.56
drill_30_099.png 0.8121 0.1069 -0.0749 0.5687
drill_30_100.png 0.8184 0.0357 0.025 -0.573
drill_30_101.png 0.7653 -0.0334 0.028 0.6422

